17014:183374	Pro Blocks / Rich Text Section / 5.	Pro Blocks (Landing Page) 🔷
17014:183338	Pro Blocks / Rich Text Section / 4.	Pro Blocks (Landing Page) 🔷
17014:183294	Pro Blocks / Rich Text Section / 3.	Pro Blocks (Landing Page) 🔷
17014:183259	Pro Blocks / Rich Text Section / 2.	Pro Blocks (Landing Page) 🔷
17014:183224	Pro Blocks / Rich Text Section / 1.	Pro Blocks (Landing Page) 🔷
17014:181160	Pro Blocks / Pricing Section / 4.	Pro Blocks (Landing Page) 🔷
17014:181020	Pro Blocks / Pricing Section / 3.	Pro Blocks (Landing Page) 🔷
17014:180780	Pro Blocks / Pricing Section / 2.	Pro Blocks (Landing Page) 🔷
17014:180596	Pro Blocks / Pricing Section / 1.	Pro Blocks (Landing Page) 🔷
17014:178416	Pro Blocks / LP Navbar / 4.	Pro Blocks (Landing Page) 🔷
17014:178447	Pro Blocks / LP Navbar / 3.	Pro Blocks (Landing Page) 🔷
17014:178483	Pro Blocks / LP Navbar / 2.	Pro Blocks (Landing Page) 🔷
17014:178385	Pro Blocks / LP Navbar / 1.	Pro Blocks (Landing Page) 🔷
17761:211085	Pro Blocks / LP Navbar / 5.	Pro Blocks (Landing Page) 🔷
17761:211577	Pro Blocks / LP Navbar / 6.	Pro Blocks (Landing Page) 🔷
17014:179062	Pro Blocks / Logo Section / 6.	Pro Blocks (Landing Page) 🔷
17014:179006	Pro Blocks / Logo Section / 5.	Pro Blocks (Landing Page) 🔷
17014:178939	Pro Blocks / Logo Section / 4.	Pro Blocks (Landing Page) 🔷
17014:178873	Pro Blocks / Logo Section / 3.	Pro Blocks (Landing Page) 🔷
17014:178819	Pro Blocks / Logo Section / 2.	Pro Blocks (Landing Page) 🔷
17014:178769	Pro Blocks / Logo Section / 1.	Pro Blocks (Landing Page) 🔷
18174:10420	Pro Blocks / Logo Section / 7.	Pro Blocks (Landing Page) 🔷
17014:178748	Pro Blocks / Hero Section / 9.	Pro Blocks (Landing Page) 🔷
18174:10183	Pro Blocks / Hero Section / 10.	Pro Blocks (Landing Page) 🔷
17014:178693	Pro Blocks / Hero Section / 8.	Pro Blocks (Landing Page) 🔷
17014:178672	Pro Blocks / Hero Section / 7.	Pro Blocks (Landing Page) 🔷
17014:178654	Pro Blocks / Hero Section / 6.	Pro Blocks (Landing Page) 🔷
17014:178633	Pro Blocks / Hero Section / 5.	Pro Blocks (Landing Page) 🔷
17014:178612	Pro Blocks / Hero Section / 4.	Pro Blocks (Landing Page) 🔷
17014:178589	Pro Blocks / Hero Section / 3.	Pro Blocks (Landing Page) 🔷
17014:178540	Pro Blocks / Hero Section / 2.	Pro Blocks (Landing Page) 🔷
17014:178514	Pro Blocks / Hero Section / 1.	Pro Blocks (Landing Page) 🔷
17014:176416	Pro Blocks / Header Section / 6.	Pro Blocks (Landing Page) 🔷
17014:176371	Pro Blocks / Header Section / 5.	Pro Blocks (Landing Page) 🔷
17014:176402	Pro Blocks / Header Section / 4.	Pro Blocks (Landing Page) 🔷
17014:176388	Pro Blocks / Header Section / 3.	Pro Blocks (Landing Page) 🔷
17014:176357	Pro Blocks / Header Section / 2.	Pro Blocks (Landing Page) 🔷
17014:176343	Pro Blocks / Header Section / 1.	Pro Blocks (Landing Page) 🔷
17014:176262	Pro Blocks / Footer / 4.	Pro Blocks (Landing Page) 🔷
17878:7608	Pro Blocks / Footer / 5.	Pro Blocks (Landing Page) 🔷
17878:9935	Pro Blocks / Footer / 6.	Pro Blocks (Landing Page) 🔷
17878:10099	Pro Blocks / Footer / 7.	Pro Blocks (Landing Page) 🔷
17014:176215	Pro Blocks / Footer / 3.	Pro Blocks (Landing Page) 🔷
17014:176174	Pro Blocks / Footer / 2.	Pro Blocks (Landing Page) 🔷
17014:176139	Pro Blocks / Footer / 1.	Pro Blocks (Landing Page) 🔷
17014:176093	Pro Blocks / Feature Section / 14.	Pro Blocks (Landing Page) 🔷
17014:176001	Pro Blocks / Feature Section / 13.	Pro Blocks (Landing Page) 🔷
17014:175967	Pro Blocks / Feature Section / 12.	Pro Blocks (Landing Page) 🔷
17014:175912	Pro Blocks / Feature Section / 11.	Pro Blocks (Landing Page) 🔷
17014:175853	Pro Blocks / Feature Section / 10.	Pro Blocks (Landing Page) 🔷
17878:34732	Pro Blocks / Feature Section / 16.	Pro Blocks (Landing Page) 🔷
17878:35476	Pro Blocks / Feature Section / 18.	Pro Blocks (Landing Page) 🔷
17878:35255	Pro Blocks / Feature Section / 17.	Pro Blocks (Landing Page) 🔷
18191:182830	Pro Blocks / Feature Section / 19.	Pro Blocks (Landing Page) 🔷
17014:175788	Pro Blocks / Feature Section / 9.	Pro Blocks (Landing Page) 🔷
18192:33006	Pro Blocks / Empty LP Section / 2.	Pro Blocks (Landing Page) 🔷
18192:33161	Pro Blocks / Empty LP Section / 3.	Pro Blocks (Landing Page) 🔷
18192:33116	Pro Blocks / Empty LP Section / 1.	Pro Blocks (Landing Page) 🔷
17014:175749	Pro Blocks / Feature Section / 8.	Pro Blocks (Landing Page) 🔷
17014:175726	Pro Blocks / Feature Section / 7.	Pro Blocks (Landing Page) 🔷
